best_val: 0.08447802066802979
epoch: 19
best_val_f1_1: 0.7523220451846309
epoch: 17
test_f1s: 0.8480552459944827 0.6133142448103079
precisions: 0.8307086614173228 0.6023622047244095
recalls: 0.8661417322834646 0.6246719160104988
best_val_f1_2/3: 0.9429106479909761
epoch: 17
test_f1s: 0.8480552459944827 0.6133142448103079
precisions: 0.8307086614173228 0.6023622047244095
recalls: 0.8661417322834646 0.6246719160104988
train loss:
1.106226599878735
0.4520864811208513
0.4285870664649539
0.4367796666092343
0.3965574112203386
0.37815859450234307
0.36619594097137453
0.36163934535450404
0.35234179761674667
0.3480087485578325
0.341776876979404
0.3426933003796471
0.330511431561576
0.33088690837224327
0.320080973704656
0.32427367038196986
0.3134944127665626
0.3154898828930325
0.31513610084851584
0.31495813065105016
0.30684096217155454
0.3097438553969065
0.3095871223343743
0.2965892102983263
0.29385774201816983
0.29506209426456026
0.28839400675561694
0.2854062517484029
0.28363175988197326
0.2914864818255107
0.27739769021670024
0.27852270007133484
0.2841056777371301
0.2775082879596286
0.27091677453782825
0.27918504873911537
0.2668679760562049
0.2680267956521776
0.2669418291913139
0.26529155174891156
0.27037989364729986
0.2685714198483361
0.26752073102527196
0.2592202848858304
0.2634430309136709
0.26622993416256374
0.2686062574386597
0.2605374114380942
0.2640798075331582
0.2590668367014991
0.25680405100186665
0.25716199345058866
0.25886533790164523
0.2497513684961531
0.24966517024570042
0.25542033314704893
0.25439570744832357
0.2511820554733276
0.24541452195909289
0.24868540896309746
0.24235341747601827
0.2553470465872023
0.2500300258398056
0.25621337824397616
0.25351164407200283
0.24794815447595384
0.23989564246601527
0.23567741248342727
0.236239845222897
0.2377798941400316
val loss:
107.63826471964518
22.896934191385906
11.79977347056071
8.343238480885823
4.002532656987508
1.284986392656962
0.6674928148587544
0.5883928179740906
0.3146974841753642
0.31554588079452517
0.3113488177458445
0.3035808523495992
0.3849015494187673
0.30401009917259214
0.31863335172335305
0.32756995360056557
0.32267622152964276
0.3135406315326691
0.3114070653915405
0.29820866584777833
0.3596514999866486
0.32891475955645244
0.364766393105189
0.352633935213089
0.38178079525629677
0.3186197857062022
0.3273636758327484
0.35198237498601276
0.35616894960403445
0.3399541676044464
0.34963091015815734
0.32060446540514626
0.3639830589294434
0.3216278672218323
0.32018828988075254
0.3360642949740092
0.33525703350702923
0.4088916023572286
0.3470672647158305
0.3703539331754049
0.36908069252967834
0.3508133053779602
0.3538336157798767
0.341491041580836
0.3448606550693512
0.3789780696233114
0.3255187471707662
0.3329001704851786
0.3464122494061788
0.33830621242523196
0.3493117968241374
0.3260925074418386
0.34887577295303346
0.4340764363606771
0.3904357671737671
0.4197188675403595
0.4543712834517161
0.39536344607671103
0.39207156697909035
0.32983608841896056
0.3586556077003479
0.3566991964975993
0.4037192185719808
0.38731253147125244
0.38114473819732664
0.3615758419036865
0.43667781352996826
0.3542955716451009
0.3931797742843628
0.379232660929362
train mse:
0.24249108
0.14360653
0.13289347
0.13461094
0.12044653
0.11531528
0.11025926
0.10916544
0.105924286
0.104376644
0.10254995
0.10287051
0.09879978
0.09844133
0.094922416
0.09652014
0.09272806
0.09402932
0.09324388
0.09358759
0.09088176
0.09172303
0.09078777
0.0872639
0.085991964
0.087139286
0.08485679
0.08318682
0.082911864
0.08539885
0.08097319
0.08131643
0.08267154
0.08098456
0.078194834
0.081138
0.07762833
0.07756969
0.077279046
0.07706192
0.077621445
0.07816004
0.07789405
0.0742998
0.07554061
0.076734245
0.077608615
0.074500345
0.075192295
0.073403664
0.07304937
0.07355057
0.074031346
0.07119937
0.07152156
0.07267181
0.07219551
0.071933545
0.069777615
0.07034108
0.068111286
0.072699845
0.07072418
0.07225068
0.07139601
0.07026787
0.06766839
0.06568349
0.066529505
0.0662093
val mse:
0.7135416865348816
0.713540256023407
0.7130090594291687
0.6880972385406494
0.5622642040252686
0.32680365443229675
0.18560457229614258
0.18558038771152496
0.0928666889667511
0.09395147114992142
0.09341803938150406
0.09010042250156403
0.11150666326284409
0.08873917162418365
0.09293708205223083
0.09629117697477341
0.09147538244724274
0.09215866029262543
0.08910996466875076
0.08447802066802979
0.10053100436925888
0.09287813305854797
0.09800412505865097
0.09466366469860077
0.1039791852235794
0.09236710518598557
0.09002629667520523
0.09937842935323715
0.10114540159702301
0.09472037106752396
0.0977458506822586
0.09147404879331589
0.09959454834461212
0.08850441873073578
0.0898570790886879
0.09346247464418411
0.09489938616752625
0.11435379087924957
0.09481240808963776
0.10129094123840332
0.09795744717121124
0.09231717884540558
0.09660107642412186
0.09336331486701965
0.09095913916826248
0.09758447110652924
0.09072817116975784
0.09278392046689987
0.09566088765859604
0.09390389919281006
0.09549585729837418
0.09077219665050507
0.09294556081295013
0.10873647779226303
0.10119301825761795
0.10274725407361984
0.11199458688497543
0.10019617527723312
0.09700899571180344
0.09050245583057404
0.0922188088297844
0.09314386546611786
0.10371629148721695
0.10237647593021393
0.09288560599088669
0.09435350447893143
0.10763859003782272
0.09514375776052475
0.09055158495903015
0.09379224479198456
val 1 f1:
0.0
0.0
0.051430280075750026
0.04724409448818897
0.05538962802063535
0.14943437747137503
0.3685375626979012
0.3147637795275591
0.6573860153708332
0.6946086413419286
0.6651446675674417
0.7439070116235471
0.5790032191615913
0.641635669774407
0.6861911142560334
0.7236527437696761
0.7019427478107292
0.7523220451846309
0.7247514875120248
0.6893022767967514
0.6086410534890035
0.6480283082023653
0.598701175496546
0.6598440850957248
0.5829428801714747
0.6723410793163049
0.6795366795366795
0.6557244094488189
0.608785297311974
0.6954167285693061
0.6579474175897505
0.6714828371062991
0.5969715324046032
0.6757281553398058
0.7406456832399936
0.7091421620401058
0.6973281679394967
0.608785297311974
0.65603937007874
0.7170181037525845
0.6696075331425883
0.6559055118110235
0.6971800208887341
0.6971800208887341
0.6951195958995691
0.7367077779569629
0.6829290430915156
0.6932411594246083
0.6659322757069159
0.6617294741031503
0.7129352621170745
0.6834751462209258
0.6697617743913254
0.6120464845431299
0.6661603323206646
0.6146270136723838
0.6144589450331515
0.6468112631965629
0.6783152347736029
0.714816152568085
0.6872407886037145
0.7129352621170745
0.6914790300168835
0.6717904158464567
0.6894521153457149
0.7031672346926783
0.6505984886969775
0.6770737960080572
0.7209560588365945
0.7228589393657917
val 2/3 f1:
0.0
0.0666423319601606
0.18682138416908411
0.1868213841690841
0.16972218095379585
0.43826633107811663
0.7490514462894211
0.7197743396386883
0.9301659702685156
0.9201830540413217
0.921713144065947
0.9285332977445616
0.8429456364322311
0.9122997556339941
0.9157981952327541
0.9222062924922436
0.9319709420558883
0.9429106479909761
0.9391633308406282
0.9266613950483911
0.8941042874765105
0.9238882347360724
0.8848672350225054
0.908106205541899
0.852130084045773
0.9157981952327541
0.9245467279028107
0.9202903017905679
0.8800866434446624
0.9087760929667497
0.9163463216133008
0.8958777888337368
0.8804847349471651
0.9090599435704999
0.9136458445206911
0.9076509944927403
0.9051183953200636
0.8559518295507179
0.9002147458840372
0.9391633308406282
0.8865885855848521
0.9102588795105647
0.908106205541899
0.91383705976581
0.9124022813731197
0.9115900980003397
0.9141308949284566
0.9224230493915532
0.9132501653373729
0.8883527280328897
0.9030090396900676
0.8993365625215215
0.9327084290148902
0.8566869026867824
0.8487861397910776
0.8828696412948379
0.85098682418733
0.8790403433375742
0.8933948322442099
0.9281780850082517
0.9163463216133008
0.9229822834645668
0.9032776019107915
0.9117543760267376
0.901646385110952
0.9153317690589535
0.8715251690458302
0.8886488746428821
0.9269231197585448
0.9134649626083171