best_val: 0.2036849707365036
epoch: 3
best_val_f1_1: 0.4802826900735768
epoch: 43
test_f1s: 0.712576673772132 0.4724081364829396
precisions: 0.7165354330708661 0.468503937007874
recalls: 0.7086614173228346 0.4763779527559055
best_val_f1_2/3: 0.7184985438464027
epoch: 50
test_f1s: 0.712576673772132 0.4802826900735768
precisions: 0.7165354330708661 0.4763779527559055
recalls: 0.7086614173228346 0.484251968503937
train loss:
1.1978823048727854
1.1161835522878738
1.0753726822989327
1.054293357758295
1.0302219674700783
1.0113006126312982
1.0070798987434024
0.9873847774096898
0.9759514785948253
0.9718147890908377
0.9629760367529733
0.9532805823144459
0.9381944911820548
0.9353356872286115
0.928280834924607
0.9146064627738226
0.9170808281217303
0.9066350255693708
0.8913471500078837
0.8926293611526489
0.8860017418861389
0.8838102414494469
0.8740024214699155
0.8689648707707723
0.8596120612961905
0.8649093014853341
0.8552847453526088
0.8532791080928984
0.8465178308032808
0.848017814613524
0.8469118566740127
0.8326226506914411
0.8398592574255807
0.829863829272134
0.8323373329071772
0.8254861190205529
0.823441329456511
0.8132128289767674
0.8167106628417968
0.8035380482673645
0.8061050063087827
0.8035597846621558
0.8059415862673804
0.8022438753218878
0.7991586634090968
0.794495894227709
0.7906108299891154
0.7963936374301002
0.7842146073068891
0.7853321983700707
0.7852039802642096
0.7861385090010506
0.7782641513007028
0.7744085277829852
val loss:
1.4309275468190512
1.0383039315541585
0.9662464817365011
0.9471382776896159
0.9522029757499695
0.9595040003458659
0.9754140933354696
0.9884655237197876
1.002594486872355
1.0040243029594422
1.0241068045298258
1.0315240144729614
1.0494228720664978
1.0496237794558207
1.0485453883806863
1.0428627451260886
1.0400538245836894
1.0336261789004009
1.0426903128623963
1.0744404991467793
1.1008588512738546
1.0833373149236043
1.0884628812472026
1.1066051801045735
1.1293197989463806
1.1425062139829
1.1171613216400147
1.1129549026489258
1.1223308006922403
1.0979711850484213
1.0941584348678588
1.0543853918711343
1.0708369771639505
1.0670077284177144
1.0833008408546447
1.1047391931215922
1.099077622095744
1.0997673908869425
1.1073859890302022
1.0913288672765096
1.1000408053398132
1.0983714620272318
1.1035619695981345
1.0975642641385397
1.0842792352040609
1.0904791116714478
1.0904919028282165
1.0763572096824645
1.108144720395406
1.1114717602729798
1.1292249361673992
1.1631859143575032
1.1708721439043681
1.1461849649747213
train mse:
0.29796186
0.2652657
0.24984325
0.24237522
0.23322147
0.22624585
0.22421175
0.21614331
0.21181259
0.20971873
0.20676735
0.20163514
0.19655922
0.19511135
0.19234541
0.18716067
0.18825047
0.18424018
0.17892441
0.17929733
0.17581573
0.17482942
0.17155032
0.1698813
0.16613463
0.16791803
0.16424188
0.16357458
0.16121025
0.16207767
0.1612383
0.15558372
0.15828913
0.15520252
0.15564379
0.15336989
0.15250573
0.14864404
0.14996067
0.1460669
0.14627416
0.14568359
0.14639667
0.14552076
0.14390069
0.14231709
0.1416168
0.14333798
0.1393883
0.13891928
0.14007208
0.14000049
0.13745585
0.13700235
val mse:
0.3921770453453064
0.24459393322467804
0.2113598734140396
0.2036849707365036
0.20755648612976074
0.2116962969303131
0.21955333650112152
0.22530119121074677
0.23092226684093475
0.23124365508556366
0.23892776668071747
0.24128933250904083
0.2475185990333557
0.24698159098625183
0.24613316357135773
0.24377769231796265
0.24261003732681274
0.2399977296590805
0.24251653254032135
0.2522546947002411
0.2598457932472229
0.25376594066619873
0.25438961386680603
0.258683979511261
0.2646770179271698
0.26760900020599365
0.2600443661212921
0.25777527689933777
0.2592144310474396
0.2517213821411133
0.2504231333732605
0.23822808265686035
0.2423497587442398
0.24106460809707642
0.24563199281692505
0.2512352764606476
0.2494743913412094
0.24907144904136658
0.2506815493106842
0.24617382884025574
0.24803848564624786
0.2463569939136505
0.24703508615493774
0.2447786182165146
0.2406357377767563
0.24252857267856598
0.2425287812948227
0.23908740282058716
0.24714379012584686
0.24700596928596497
0.25035664439201355
0.25816893577575684
0.26014769077301025
0.2543574869632721
val 1 f1:
0.3464566929133858
0.4002452562282173
0.4094109630526953
0.42321919062442775
0.4251968503937008
0.4251968503937008
0.4173228346456692
0.4173228346456692
0.4173228346456692
0.421259842519685
0.4173228346456692
0.421259842519685
0.4173228346456692
0.421259842519685
0.421259842519685
0.421259842519685
0.42913385826771655
0.43700787401574803
0.43700787401574803
0.42913385826771655
0.42913385826771655
0.4448818897637795
0.4448818897637795
0.4448818897637795
0.4448818897637795
0.4448818897637795
0.4448818897637795
0.4448818897637795
0.4448818897637795
0.452755905511811
0.45865296880808354
0.4619385289906943
0.45865296880808354
0.46652712714708133
0.4645335646603497
0.4724081364829396
0.4724081364829396
0.4724081364829396
0.4724081364829396
0.4645335646603497
0.4724081364829396
0.4724081364829396
0.4724081364829396
0.4802826900735768
0.4756991582948683
0.4802826900735768
0.4724081364829396
0.4645335646603497
0.4724081364829396
0.4645335646603497
0.4724081364829396
0.4645335646603497
0.4724081364829396
0.4724081364829396
val 2/3 f1:
0.6607448646873461
0.7171621845530974
0.7047244094488189
0.698768991904181
0.6887739032620922
0.6887739032620922
0.6846773463661869
0.6846773463661869
0.6846773463661869
0.692555476020043
0.6846773463661869
0.692555476020043
0.6846773463661869
0.692555476020043
0.692555476020043
0.692555476020043
0.6946086413419286
0.6966502068597358
0.6966502068597358
0.6946086413419286
0.6946086413419286
0.6986802705999778
0.6986802705999778
0.6986802705999778
0.6986802705999778
0.6986802705999778
0.6986802705999778
0.6986802705999778
0.6986802705999778
0.6986802705999778
0.6967614217714311
0.7000273044594825
0.6967614217714311
0.704636431619232
0.7027062793621386
0.6948317012781334
0.7027062793621386
0.7027062793621386
0.7027062793621386
0.7027062793621386
0.7027062793621386
0.7105808449844045
0.7105808449844045
0.7047024149914222
0.715849794669342
0.712576673772132
0.712576673772132
0.7106244683403494
0.7047024149914222
0.7106244683403494
0.7184985438464027
0.712576673772132
0.712576673772132
0.712576673772132