0
42
84
126
168
198
228
270
312
354
396
438
480
522
564
606
648
690
732
762
792
822
852
872
892
948
1004
1060
1116
1172
1228
1284
1340
1396
1452
1524
1596
1668
1740
1830
1920
2010
2100
2172
2244
2316
2388
2460
2532
2604
2676
2766
2856
2946
3036
3126
3216
3306
3396
3506
3616
3726
3836
3946
4056
4166
4276
4366
4456
4528
4600
4710
4820
4910
5000
5090
5180
5290
5400
5510
5620
5710
5800
5910
6020
6130
6240
6350
6460
6532
6604
6736
6868
7000
7132
7264
7396
7528
7660
7770
7880
7990
8100
8210
8320
8452
8584
8716
8848
8980
9112
9244
9376
9508
9640
9772
9904
10036
10168
10300
10432
10564
10696
10806
10916
11026
11136
11246
11356
11466
11576
11708
11840
11930
12020
12152
12284
12416
12548
12704
12860
12992
13124
13306
13488
13620
13752
13908
14064
14220
14376
14508
14640
14772
14904
15060
15216
15326
15436
15568
15700
15882
16064
16196
16328
16460
16592
16702
16812
16922
17032
17164
17296
17428
17560
17716
17872
18028
18184
18316
18448
18580
18712
18868
19024
19180
19336
19492
19648
19780
19912
20044
20176
20286
20396
20528
20660
20792
20924
21056
21188
21320
21452
21584
21716
21826
21936
22068
22200
22332
22464
22620
22776
22908
23040
23150
23260
23392
23524
23656
23788
23898
24008
24140
24272
24382
24492
24602
24712
24822
24932
25042
25152
25262
25372
25462
25552
25684
