best_val: 0.11930762976408005
epoch: 41
best_val_f1_1: 0.712511419497977
epoch: 38
test_f1s: 0.7768230829254451 0.54056774456591
precisions: 0.7690288713910761 0.5328083989501313
recalls: 0.7847769028871392 0.5485564304461943
best_val_f1_2/3: 0.9092954289804684
epoch: 41
test_f1s: 0.7768230829254451 0.54056774456591
precisions: 0.7690288713910761 0.5328083989501313
recalls: 0.7847769028871392 0.5485564304461943
train loss:
0.8303144309255812
0.6858297944068908
0.6380268957879808
0.6167184379365709
0.593454110622406
0.5821352005004883
0.5605672558148702
0.5477249768045214
0.5356664723820157
0.5284319546487596
0.5142109599378374
0.5127470605903202
0.4983781907293532
0.49098395109176635
0.49072934521569145
0.47509110503726537
0.480600412024392
0.4713576138019562
0.46238072315851847
0.4571243637137943
0.45578211545944214
0.44864559372266133
0.4394686824745602
0.44059035844273037
0.4312903927432166
0.4278070151805878
0.43488153682814706
0.420580173863305
0.4196464995543162
0.4132904224925571
0.4137040820386675
0.4103368706173367
0.4078422870900896
0.411391771501965
0.4068619191646576
0.4018520050578647
0.3958126379383935
0.39777448111110264
0.3927229788568285
0.39254026412963866
0.3936264163917965
0.38929395079612733
0.3856538799073961
0.3851565268304613
0.37724481489923267
0.3827399982346429
0.3775488793849945
0.37546728915638394
0.3765213734573788
0.3741004221969181
0.3706794222195943
0.375054352151023
0.3757664554648929
0.37266254491276213
0.3612311025460561
0.3586513492796156
0.3703973922464583
0.3639342705408732
0.36194054815504284
0.35902131530973647
0.35618782970640395
0.3616352756818136
0.3633295277754466
0.35433076818784076
0.3509589559502072
0.35154357022709315
0.3540816499127282
0.3542065680027008
0.3500824795828925
0.34945015576150684
0.350423260529836
0.3458597236209445
0.3530237111780379
0.3424344718456268
0.3474934332900577
0.3417128834459517
0.3478300657537248
0.34542182286580403
0.3410101373990377
0.3480745898352729
0.3451592630810208
val loss:
0.7638498107592265
0.8394611001014709
0.806588880221049
0.7250251094500224
0.6332573970158895
0.5639433900515238
0.5168144464492798
0.4830137292544047
0.45228314797083535
0.4313131093978882
0.4199872612953186
0.41195835669835407
0.40497737725575766
0.40380525986353555
0.4022411346435547
0.40032363335291543
0.39807162682215375
0.3965960224469503
0.39735892216364543
0.39953569173812864
0.39780329863230385
0.39543354908625283
0.39466702143351234
0.39563066959381105
0.3944502115249634
0.396336567401886
0.39530253410339355
0.3904923677444458
0.38971428871154784
0.3894927104314168
0.3886433243751526
0.39006996552149453
0.39019182523091633
0.39139551321665444
0.39314478635787964
0.3915754278500875
0.3901538689931234
0.38869802951812743
0.3892332077026367
0.39234375953674316
0.3892677704493205
0.38888008197148644
0.3897368232409159
0.39376243352890017
0.3962529540061951
0.39581230878829954
0.3941912134488424
0.39486776987711586
0.3983393351236979
0.3989408214886983
0.3981341083844503
0.3973618229230245
0.39679874579111735
0.3981561700503031
0.4004267414410909
0.4020398338635763
0.4007133881251017
0.39768387873967487
0.398279337088267
0.4007180174191793
0.3998687505722046
0.40039440790812175
0.4015146533648173
0.40455087820688884
0.4068328897158305
0.4049262046813965
0.404110320409139
0.4016988635063171
0.40004382530848187
0.40032979647318523
0.4011084834734599
0.40257198810577394
0.40570892492930094
0.4063161571820577
0.4076388915379842
0.4066741903622945
0.40841174920399986
0.40970240036646527
0.41039645274480185
0.4134102940559387
0.4100650111834208
train mse:
0.2939381
0.23576944
0.21656702
0.20742974
0.19864957
0.1945885
0.18599512
0.1811685
0.17681238
0.17371453
0.16800644
0.1684135
0.1622723
0.15985268
0.15899377
0.15319684
0.15465738
0.15132132
0.14865015
0.14567307
0.14542556
0.14279816
0.13940021
0.14012817
0.13619035
0.13547304
0.13738094
0.13267235
0.1320105
0.1298311
0.13006991
0.12870692
0.12761737
0.1291423
0.12731287
0.12538782
0.12366342
0.124389894
0.122406736
0.12238523
0.122465745
0.121204324
0.12030754
0.119860716
0.11728326
0.11825115
0.11675964
0.11654249
0.11654216
0.115872554
0.11493901
0.11649923
0.11694002
0.115100905
0.111880526
0.1107034
0.1144231
0.11266792
0.11150869
0.11124465
0.10971681
0.11139037
0.11197936
0.10933417
0.1080859
0.10839583
0.10911526
0.10929639
0.10846792
0.10780149
0.10850459
0.106804214
0.10896342
0.10551729
0.1072202
0.105161086
0.10756178
0.106083564
0.105107665
0.10770261
0.10616381
val mse:
0.2835098206996918
0.31710085272789
0.3014790713787079
0.263879656791687
0.22146065533161163
0.1894838958978653
0.16813506186008453
0.15339212119579315
0.14048141241073608
0.13250774145126343
0.1288829892873764
0.12673529982566833
0.12503068149089813
0.125441774725914
0.1258087456226349
0.12591828405857086
0.12555265426635742
0.12530609965324402
0.12588778138160706
0.1269364207983017
0.12650543451309204
0.12558524310588837
0.1250111162662506
0.12527142465114594
0.12472567707300186
0.12543530762195587
0.1249290257692337
0.12306813895702362
0.1225140392780304
0.12211417406797409
0.12144651263952255
0.1216534748673439
0.12151066213846207
0.12173498421907425
0.12204822897911072
0.12129376828670502
0.12061779201030731
0.11990000307559967
0.11984165757894516
0.12072587758302689
0.11956335604190826
0.11930762976408005
0.11931624263525009
0.12040689587593079
0.12121425569057465
0.12092866748571396
0.12033258378505707
0.1204562857747078
0.12135998904705048
0.12128310650587082
0.12101425230503082
0.12070156633853912
0.12040949612855911
0.12058455497026443
0.12103752791881561
0.1215515285730362
0.1210215762257576
0.11999661475419998
0.1200932189822197
0.12074720859527588
0.12045665085315704
0.1206495612859726
0.12087326496839523
0.12160999327898026
0.12236817926168442
0.12167911976575851
0.12119816243648529
0.12050945311784744
0.11980243027210236
0.11994040757417679
0.1201639175415039
0.1205887645483017
0.12140362709760666
0.12138890475034714
0.12186047434806824
0.12156925350427628
0.12195763736963272
0.12225660681724548
0.12232064455747604
0.12326743453741074
0.12221754342317581
val 1 f1:
0.4645669291338582
0.45865296880808354
0.4645335646603497
0.5215866884563957
0.5550901881945608
0.6101346202692405
0.6180099302873765
0.6298228346456692
0.6573860153708332
0.6613235845519311
0.6770737960080572
0.6691987031032887
0.6613235845519311
0.6613235845519311
0.6515212788733735
0.6515212788733735
0.6554586082145138
0.6633332554498937
0.679082505991099
0.679082505991099
0.6849488641506019
0.6908944074298404
0.6908944074298404
0.7006989294877466
0.704636431619232
0.6888863892013498
0.6967614217714311
0.6967614217714311
0.6888863892013498
0.6967614217714311
0.6967614217714311
0.6967614217714311
0.6967614217714311
0.6967614217714311
0.704636431619232
0.6967614217714311
0.704636431619232
0.704636431619232
0.712511419497977
0.712511419497977
0.704636431619232
0.6967614217714311
0.704636431619232
0.704636431619232
0.7006989294877466
0.6849488641506019
0.6849488641506019
0.6928239083750894
0.6849488641506019
0.6928239083750894
0.6928239083750894
0.6849488641506019
0.6928239083750894
0.6928239083750894
0.6849488641506019
0.6928239083750894
0.6849488641506019
0.6849488641506019
0.6849488641506019
0.6928239083750894
0.6928239083750894
0.6849488641506019
0.6928239083750894
0.7006989294877466
0.6928239083750894
0.6849488641506019
0.6928239083750894
0.6770737960080572
0.6928239083750894
0.6849488641506019
0.6770737960080572
0.6770737960080572
0.6849488641506019
0.6770737960080572
0.6849488641506019
0.6770737960080572
0.7006989294877466
0.6770737960080572
0.6849488641506019
0.6770737960080572
0.6928239083750894
val 2/3 f1:
0.7578279987728805
0.7908489050808949
0.8369764272809674
0.8661119515885024
0.8696426134374499
0.8696426134374499
0.8564408966490215
0.8564408966490215
0.8579787618290833
0.8579787618290833
0.8521394409994363
0.84820139941904
0.8560774730744862
0.84820139941904
0.8403252872079514
0.8541674226205594
0.8561860801882524
0.8581051795131114
0.8680700626707376
0.8601956792014271
0.862132815589832
0.871936154707524
0.8758736618596833
0.8778821369301931
0.8798111645440293
0.8798111645440293
0.8876861567470363
0.8935446945783759
0.9034360900965811
0.9014200735825053
0.9014200735825053
0.9014200735825053
0.8994986130016024
0.8935446945783759
0.9014200735825053
0.8935446945783759
0.9014200735825053
0.9014200735825053
0.9014200735825053
0.9014200735825053
0.9073735631202283
0.9092954289804684
0.9092954289804684
0.9092954289804684
0.9034360900965811
0.9092954289804684
0.9092954289804684
0.9092954289804684
0.9092954289804684
0.9092954289804684
0.9034360900965811
0.9092954289804684
0.9034360900965811
0.9034360900965811
0.9092954289804684
0.9034360900965811
0.9092954289804684
0.9092954289804684
0.9034360900965811
0.9092954289804684
0.9072710813534426
0.9014200735825053
0.9072710813534426
0.9072710813534426
0.9092954289804684
0.9014200735825053
0.9014200735825053
0.9014200735825053
0.9092954289804684
0.9072710813534426
0.9014200735825053
0.9072710813534426
0.9014200735825053
0.9072710813534426
0.9014200735825053
0.9072710813534426
0.9014200735825053
0.9014200735825053
0.9014200735825053
0.9072710813534426
0.9072710813534426